0,461.186245763907,369.31418486739
1,556.053254664132,310.35603110489
2,493.012102894677,320.522989183667
3,477.661241807883,378.93702883323
4,518.749312118237,318.65092014173
5,483.114713021704,314.40808880125
6,523.172773043897,309.951443019503
7,482.524744964198,335.174708910383
8,460.140470935092,342.876844992785
9,534.582948620303,366.722243843417
10,484.481191856861,322.834365226182
11,504.716394082687,336.773399618966
12,527.935941397115,347.347477459507
13,567.543786970305,373.89734783827
14,532.916954723291,312.566129868806
15,567.644183829299,328.375583389936
16,562.072903678391,334.574622495444
17,546.775537229012,309.370042793435
18,498.686284379183,325.249170478195
19,452.247501785175,356.955376200209
20,552.668879824831,311.594537179819
21,642.792936035309,426.132688722574
22,538.086387715486,300.896614921802
23,537.201457709431,345.916165025151
24,563.719027053938,361.467507180725
25,481.514584642258,376.621651393404
26,537.775748965454,304.411229362299
27,551.900175097486,317.132724992625
28,455.449323367345,340.406732824695
29,531.783215404029,325.761897000829
30,523.596893331925,312.832417451069
31,532.993765063843,306.048621738806
32,518.723538649223,329.449442204939
33,465.937848699955,324.212720294961
34,570.194094208192,352.466721114849
35,538.411812471507,308.955736083322
36,514.172543962542,308.112758335873
37,539.334875870831,300.749979620443
38,595.327336618527,366.499378057208
39,558.620161009407,317.48864795725
40,457.467672864633,346.504481185603
41,513.727873312106,327.967176883437
42,528.62376269101,307.774265257129
43,552.734491647443,360.162389522276
44,574.688116713069,338.577552584042
45,451.52982538127,316.429165422261
46,494.530936407365,348.02082974788
47,523.07020797499,321.944972882398
48,529.685924926693,332.81386186433
49,557.763199775335,334.959348236096
50,515.213429631173,321.545589802985
51,448.161178932355,320.316324513531
52,471.284167637658,325.416646908614
53,538.83636791373,317.806318593666
54,563.496115774023,327.754024942159
55,481.106603201423,355.835170117835
56,518.995761087962,315.237199782983
57,516.917400864938,333.07703420318
58,494.030464746333,327.47960121988
59,553.286259746897,315.745078746762
60,456.087418048459,323.415655663127
61,517.602605803138,324.455634048167
62,465.841404974774,355.038361341236
63,534.305393966581,314.959908186994
64,500.278487830117,367.672856686228
65,497.333511197332,324.685975585263
66,520.830030335811,320.940329224361
67,484.404535409651,320.791550197479
68,546.51213335288,342.480576830064
69,562.41884665444,346.149544685488
70,525.803234773099,306.934007383098
71,529.70050522857,317.911551714533
72,505.632011098476,320.088874886491
73,454.648597845751,318.862354914776
74,522.580669814472,313.361495667487
75,514.287153484628,310.904406476857
76,575.637568380879,372.00234498981
77,443.013372453358,353.721732902831
78,539.841799676311,384.142825735706
79,438.533835846007,360.712867539761
80,524.019401931647,319.617225215033
81,474.497807485068,335.613178833509
82,568.764545697327,382.980248180259
83,574.30645903837,406.211870588356
84,547.59389412799,350.962131247331
85,476.584883159286,355.324691672215
86,437.246352659205,381.058508060022
87,551.796937090171,359.080386655555
88,520.429225957369,336.681666056216
89,618.117777117261,406.615114061752
90,441.499203452003,372.892827204536
91,532.851114399634,361.603728842979
92,558.447922511157,339.158751439811
93,626.356076083599,405.361432398744
94,471.129728737807,370.233706244003
95,453.153132682033,340.5774523277
96,445.589221349119,331.241078905143
97,450.881009505724,349.431386266184
98,455.417610626135,378.897537705779
99,484.368121625393,346.133652170929
100,639.308383805951,424.068105106924
101,558.493334790325,401.892783175833
102,603.625266964219,393.659064232932
103,442.112017445213,345.22762721032
104,476.81154691373,339.928413069909
105,506.25831231304,344.383249168234
106,564.065117322404,357.217340448285
107,574.027942269323,353.283327828463
108,467.327786257165,355.386124931254
109,432.341263103922,349.817805754296
110,478.23820067926,324.03433235801
111,438.384354414205,367.413362837911
112,458.411180859005,340.019582318831
113,445.703251693406,352.508247098711
114,525.621203627164,309.404638265454
115,632.718126542701,413.662938939532
116,493.672882539234,335.964510537115
117,439.933225445828,321.256467818974
118,465.245954038634,350.099832270948
119,489.689225058591,346.966027748565
120,568.780852745949,355.244363246258
121,434.497024588676,360.643203811391
122,445.090059738347,388.888861658756
123,449.285311558214,341.603646634579
124,513.824304593956,348.710322031653
125,456.306954242,365.044118352374
126,637.768072610156,403.156035235767
127,513.783127395462,315.497836135119
128,540.53369498365,305.605764513569
129,457.472250828089,352.125921318794
130,456.891062306255,332.399946602756
131,465.626921226481,346.067443463023
132,520.114916712028,347.423940783371
133,454.084559432131,396.375828070204
134,541.584574590633,334.685947740045
135,476.716533189028,386.014459430151
136,597.845555930019,378.523825407631
137,437.030078157399,357.290757900944
138,450.77072037811,372.19146965533
139,443.167591928774,332.183447510861
140,435.116751481354,386.923635834969
141,436.989659891591,382.555976795401
142,532.38153664223,322.566034392427
143,575.932012015478,420.71522325054
144,457.475428147175,361.367975161195
145,631.811819950247,422.281941362884
146,454.055112837196,324.664954482016
147,506.730056995939,329.05563419833
148,613.153278530456,436.519182466474
149,566.918410508499,355.494140914754
150,541.416390494193,342.080408373728
151,544.620757892444,386.719166284437
152,552.890992143231,321.928845081054
153,435.00539151033,370.114609977002
154,447.658703143978,381.215112908225
155,543.539864463324,363.744030457111
156,506.549248742423,351.365413032013
157,436.044884032438,339.947034802107
158,506.75655035633,358.746071260863
159,439.280036753216,389.012093012787
160,642.647272856835,417.818673355654
161,636.261334089588,398.417393352296
162,530.367063529067,325.204626880769
163,442.023174282683,383.561025217769
164,455.86118858631,339.451443531912
165,434.200038316562,341.832611312846
166,559.723040068253,404.272208334193
167,435.777593964763,379.142306052618
168,482.475570358277,349.111278010113
169,446.782486822306,325.572232373847
170,599.725146785491,410.477104083097
171,459.112027585558,361.641005160756
172,606.423804901994,390.103460922872
173,461.512258504201,340.145496548905
174,625.471078424633,409.2365391395
175,470.285003262095,374.416004755752
176,646.561598017498,411.648951068866
177,633.161743472112,401.344070503483
178,468.59886869798,371.772139142003
179,634.29642728867,427.835689919619
180,588.417539833954,388.819846971163
181,477.486097562761,342.541493566159
182,544.144771267087,350.442309853926
183,530.357189726379,348.806451157332
184,443.816496502918,386.67623539402
185,623.788876501818,401.36784475463
186,631.481536521782,404.720038771898
187,471.224587263956,389.929548643713
188,448.888448638513,378.411575073989
189,448.003280212508,339.948510780933
190,445.184331794671,385.661367611214
191,539.624179178964,365.781201372774
192,639.899472031062,412.552000681765
193,488.304736018068,332.916808508582
194,638.618124530603,432.546771023116
195,643.326729386124,411.919759089698
196,500.657910653179,359.820441150089
197,434.556801025716,381.65954807871
198,431.965330071095,348.103806662442
199,645.739529143273,408.681742861268
200,637.781042739752,416.206858937441
201,553.450227981915,334.807719498927
202,436.344332888277,377.910899096039
203,482.044636301351,341.012883190933
204,626.846326902437,430.609016992891
205,535.689990550347,407.696607810349
206,508.771262067201,316.681537913154
207,462.01003712404,359.600196567452
208,486.446876876103,334.546953039579
209,436.538061978014,376.581172908063
210,517.517878070053,354.57746666339
211,443.090974276549,394.634489502321
212,436.030793545547,383.36505764973
213,545.351254008342,372.426198872602
214,611.089573262197,402.370664155152
215,574.429074242525,332.957924398151
216,445.360104666154,345.474317892674
217,459.695313498247,372.417516393338
218,566.576561803784,388.504909726873
219,552.052539309496,393.064418211622
220,441.411680513093,336.785605417502
221,449.463467698702,337.804768945371
222,481.42191573791,351.8623175487
223,524.15400977275,327.309830474309
224,593.878512693131,363.672287668279
225,584.802908214869,377.929554986134
226,492.764979590276,349.649852314779
227,435.187496275948,354.583919159488
228,602.298170031789,412.683772687997
229,469.49326278529,360.955046584028
230,455.245845222329,324.233890872053
231,550.254388542919,327.377096617005
232,468.03424920946,358.89670398331
233,437.263370933981,343.902612875571
234,432.544230904722,361.860668416683
235,463.629665244912,337.381458870563
236,548.345188716249,349.944495333487
237,563.79159423108,379.592598467495
238,453.173999235399,353.124816753856
239,443.132774980536,342.216887214433
240,431.584228557217,362.310761345136
241,444.264949484107,322.61254687033
242,584.964574172937,420.741323089514
243,597.424269557587,375.555320831604
244,439.585869760615,352.830225319872
245,530.76185802152,378.770022273761
246,477.056403849921,368.359896888023
247,462.627381703182,346.769830371331
248,548.600945974894,369.341673658013
249,459.737427473213,363.630293585371
250,449.400121159915,391.312154704477
251,642.259240713474,413.941989289526
252,461.703392423172,354.117474671874
253,540.316310472831,344.599026029809
254,486.749834267708,336.432358360173
255,571.414306981135,389.008436213008
256,588.842467142113,402.385827693955
257,493.927760876921,355.965549792229
258,460.561386124239,348.894146503686
259,432.421597567374,387.302581270033
260,475.977846745808,353.701978508478
261,433.045608203413,339.251851609015
262,437.210446009921,331.986637486082
263,644.243142629117,420.368487885735
264,448.031424864005,330.118704768516
265,477.4073310179,385.264600498644
266,447.85607525796,355.058550315506
267,604.586463528244,415.685641039409
268,459.873652176024,321.5930071664
269,575.748150483417,414.19776536302
270,549.920975916868,310.791871772733
271,641.323452817955,416.767233561962
272,499.418366227181,346.421852172185
273,520.156369376086,341.805729130301
274,634.532377019586,420.229071954586
275,434.401416692864,349.741705229081
276,515.743890281119,336.848146155523
277,565.020806925824,385.338085044623
278,444.675386390193,380.995518432965
279,524.123253570682,359.195617935821
280,452.953820299312,373.866223383357
281,436.394730611313,330.592193214595
282,465.264107185652,340.195191202085
283,549.257887908917,306.915495283076
284,436.328619696865,362.363542119781
285,518.398277501698,350.357413904858
286,453.062816062191,389.308693635666
287,517.407812411098,309.526722418897
288,595.226588718789,387.524886553711
289,548.324776339577,352.356338517873
290,433.786406945678,373.402512148762
291,433.577032579654,384.62782136781
292,628.054477092689,406.277498260494
293,497.336364539152,354.956991143238
294,444.946327580002,370.391598197083
295,441.558831472279,361.762444028551
296,546.01788153377,304.25579627223
297,442.286278353212,397.317924208851
298,461.149198106243,332.165814535517
299,455.340476466388,335.700592080054
300,567.001983276287,346.16680234418
301,499.472680555463,345.235481785402
302,438.892001384482,357.628083977128
303,461.057826033661,379.283811415236
304,642.941197579982,427.152726601406
305,439.458095430194,323.8023295674
306,583.254881873414,359.352577536779
307,452.831706580644,331.344284055647
308,494.293801430393,341.188125683842
309,608.003791996683,406.298043629237
310,434.918103244992,362.979737329247
311,558.937843425397,355.023197167588
312,582.695929825492,381.536941488182
313,524.480484616115,354.472477672197
314,437.367575492718,372.141466054442
315,630.284060749292,409.90512724204
316,490.058170951848,364.362669056167
317,521.44243106405,358.189726719327
318,444.542280812509,400.514578540805
319,628.408752799884,409.305990142661
320,634.475912453867,398.91916603304
321,564.78114299252,337.396431683513
322,637.677504612033,418.555640924316
323,541.743265587401,369.941015607551
324,549.102295015946,333.212136475268
325,613.363267960102,393.3080520881
326,466.459037647581,328.607002509441
327,527.809568680688,372.672419587402
328,436.783676356927,366.80703767221
329,432.588396263207,352.712756807052
330,524.179189216796,351.6895490869
331,550.887717128772,353.679893964757
332,450.51187449217,356.412632038829
333,444.277199634547,343.849095072146
334,465.036524248241,363.027929203473
335,465.114784585873,334.989588466529
336,447.014981631512,349.40582030659
337,633.490549555106,415.670695614235
338,526.752331208639,335.67720527689
339,467.576411950731,335.587589409954
340,459.558013760568,346.200276227506
341,646.635933414695,425.567900390686
342,436.485885823503,364.433364820205
343,437.588895991983,379.100666108555
344,612.044915250931,409.098382866425
345,483.605823008425,319.305059368762
346,639.569628434665,410.930040828916
347,450.413659305974,398.384512199854
348,510.006272740029,357.378263026337
349,476.537178311533,361.314531275716
350,472.198625143593,347.164691545668
351,577.459362216973,407.111104643537
352,629.38871051951,408.358294702048
353,462.012070148932,348.226546784244
354,438.941138727819,354.304506662107
355,631.628971362493,416.011512626447
356,541.784279050521,309.41512267061
357,508.859449479848,334.290313509724
358,440.088980389383,349.974395978681
359,526.404604813399,355.856768808097
360,546.048483101073,346.625702985529
361,460.037470403226,399.370787814418
362,619.403575996894,406.479833464885
363,641.355950204035,430.792634122657
364,459.784605012319,368.663325478927
365,450.783521411934,323.713170093734
366,638.396304237385,410.180749445497
367,442.236044648237,330.211362851725
368,623.203769427028,404.786873969462
369,438.80660090274,374.266537130962
370,464.136368644619,355.940341683923
371,534.24021887263,350.271787584897
372,457.965856319609,371.805881995972
373,471.400075214631,379.659607199966
374,446.473678328888,317.315553583637
375,504.163392967272,329.794207598656
376,641.476863843819,409.541359253572
377,553.961551206971,387.456740822525
378,432.422494518979,364.717190809045
379,442.44714813439,339.929340558525
380,483.300978007319,329.077298294398
381,540.071356355359,310.048874892777
382,450.089331608605,342.495233184047
383,464.837262498115,333.214077958264
384,469.373654017776,393.624427389299
385,634.255292562181,409.927248062579
386,630.220548926878,414.046960766288
387,624.624484140278,408.18332575195
388,570.469966728409,394.086791423647
389,457.562521920033,367.006984788763
390,433.669869456287,364.964686358723
391,639.011774880845,400.795317169054
392,608.712475635768,404.48030468869
393,535.358384908003,353.252627481721
394,558.322142257497,352.215232255785
395,433.514469564403,372.096364920371
396,559.759083285473,334.855415145138
397,443.307377689875,325.719877983801
398,521.925834317039,343.190332004423
399,572.384319308447,382.242732234165
400,452.217842084429,408.299407726091
401,490.894335055553,324.759208465703
402,474.895976331655,361.185343199817
403,503.800613799815,319.25178715151
404,552.491365011938,371.957007170315
405,478.333379376618,358.672191865905
406,591.872649438027,407.755177323336
407,600.77790112197,397.105390204735
408,473.929621444433,329.198872269892
409,448.898359776691,316.220638010977
410,444.250033442499,367.187496072861
411,630.487869585715,411.62509430314
412,616.572705707084,421.238793074326
413,577.095919021266,388.178768281143
414,559.478772759209,393.546271268923
415,482.4642044898,364.486177187449
416,445.943176773232,363.610141852576
417,464.070530269481,363.771079120476
418,579.489362784865,414.889578608537
419,456.062137824394,333.32856483008
420,490.482354084817,328.758495629919
421,433.906308554661,348.933935201106
422,626.939904291982,415.775233731945
423,464.694695020028,331.2352153509
424,638.262056616378,428.800490523387
425,620.661260452803,406.050371090019
426,625.939465765767,410.868542762956
427,519.720558777434,370.168580153617
428,441.867879153179,376.129786750833
429,442.77936763838,371.201943622888
430,624.91667104628,412.651397144258
431,476.067290551026,381.87814673114
432,525.550153655336,369.023693773006
433,631.205601889738,424.697506521964
434,566.89422453638,384.817736806639
435,640.897214683365,403.697675203229
436,516.05557435902,349.377618735634
437,465.164497807202,377.049973365294
438,440.282414962326,396.005102443601
439,584.219563319181,405.67335769988
440,562.345202837643,403.94416528644
441,440.541819400418,359.327611991574
442,619.620859626066,411.612165525537
443,570.15578424576,390.831061703623
444,638.121226262933,422.587467679074
445,485.758076450523,348.559977059007
446,627.227959386137,396.935273400916
447,613.574801620957,412.22283469816
448,569.207170146509,333.239346135716
449,550.393652664446,306.311697097444
450,441.119967625377,360.25498511184
451,442.672909126264,369.96375780427
452,638.762768087166,414.288537611442
453,435.601501812947,336.45413951114
454,573.207476747072,349.444726443415
455,444.439328416321,373.107190154378
456,459.775308993011,356.040841037531
457,555.03822935567,355.562549820554
458,457.015609161347,354.452940100319
459,446.220643112227,332.900802322589
460,631.210154775376,425.989765628107
461,477.556076213329,337.796907642489
462,535.20963636803,368.978325151612
463,585.553379864847,390.852567775989
464,534.003068908903,338.009659726527
465,478.090132978564,377.332531072029
466,444.894120241248,337.848938068789
467,563.595557729823,321.513415857858
468,443.91149458182,352.228985557996
469,440.13568230786,363.222757515023
470,525.305759317425,338.546130060576
471,632.334883617858,419.881352707325
472,649.588540199869,419.311354553534
473,563.885326143069,336.715799134838
474,505.498262838431,349.476254861955
475,648.02845330591,417.32106367291
476,614.030727965898,390.595340513926
477,465.015714580926,361.068156984797
478,443.883449937455,359.369637709305
479,482.940743582233,343.027305597554
480,439.590074699346,336.695616173291
481,465.358535651489,347.178864158555
482,439.291965067142,328.14678566323
483,453.550028741281,367.596375072919
484,443.954617883178,345.340672137966
485,453.886258348128,368.937074503904
486,631.912538690767,417.617897456063
487,516.392930390212,341.936823794921
488,621.651103820691,408.441975140758
489,463.507639388206,354.58036470093
490,556.808204331517,384.476854829494
491,504.417543227743,332.80354684323
492,521.318801682291,352.026478686132
493,554.782849855822,406.959318516065
494,611.736916874086,418.494299035388
495,573.659032955449,363.38284457793
496,646.101336703668,420.310869508046
497,440.88058554458,388.536548565805
498,444.27552133545,363.413473505483
499,564.984457261935,342.289559229614
500,451.669685248788,371.777661319146
501,478.89477782519,380.131896551545
502,640.424218386683,408.336374575258
503,442.149418892598,357.700462474331
504,441.653231356391,319.315211934498
505,453.574814727387,382.290703632184
506,630.087189502552,423.954272795675
507,466.278111537733,397.081698043287
508,574.97921024658,378.614448813368
509,470.931102008591,340.943623491859
510,462.099173945647,390.872010408198
511,459.751068961505,319.172025731813
512,632.850222177969,404.792042408947
513,465.667344757522,366.717434832653
514,563.799800385304,377.017632074011
515,637.852524075824,406.505323077523
516,451.542873743481,405.081979694962
517,463.421974439056,367.004828100457
518,531.494603569806,313.01228863886
519,516.763740433564,366.357678374181
520,460.398506386418,328.460347104615
521,437.396206431375,352.127143444193
522,446.570161118856,358.180357088476
523,624.190517237698,431.667900946666
524,586.125902202468,408.64269005824
525,448.707285202776,325.138359086767
526,439.126211084488,391.925554215007
527,496.922891087809,359.472483407626
528,547.236255815087,372.838410423332
529,490.783882389331,332.895953703296
530,454.143333440009,378.182921067499
531,576.509427343635,366.210071093378
532,564.835561009088,327.65080505428
533,450.536941565182,357.679805120493
534,527.029826097723,364.011827834519
535,463.235802623513,329.15793671402
536,578.668713585925,408.291022020309
537,461.341290112561,391.79153446697
538,560.221035485089,350.465809525392
539,635.071542558507,417.086575952811
540,579.237017469145,348.810035468484
541,441.561634561732,385.928152519794
542,634.972012356693,415.634510275041
543,481.588324383508,398.215888094753
544,562.301651587229,353.689950744982
545,460.951204965589,371.169850175871
546,632.153445629546,410.319826257451
547,454.58342412452,357.247994533888
548,429.97474495314,353.19115248519
549,625.683587070441,394.411257639178
550,511.398611105981,356.794083878798
551,454.000096919616,358.339818193732
552,540.770131775811,363.866919262595
553,516.112548495184,324.761162497143
554,519.465438590593,349.468067145095
555,582.686795892379,404.299956575864
556,449.131561919895,351.561339992621
557,556.481483464321,335.404633845144
558,598.532492030819,409.217705910236
559,467.257869379306,391.161143768439
560,548.220169899033,344.47851062351
561,473.739079271512,324.884345068966
562,539.944543204043,302.975980186941
563,452.406336052649,328.069315342032
564,552.587565699999,380.649849992284
565,541.813924099748,304.487448985034
566,628.217247753173,394.885975090897
567,510.0155721478,345.839842854201
568,453.391989163478,377.327885390797
569,582.580795103345,391.349882185025
570,522.5750332291,356.638973382239
571,443.447647657287,338.406802954297
572,434.410609248538,375.057235367479
573,438.400189963619,377.730197741164
574,615.590005554163,409.41035556374
575,636.982407978244,409.88801439157
576,452.796915454797,351.362869297802
577,450.852981255812,377.516115158419
578,528.744483832338,369.530098840729
579,436.078245106386,355.400747200331
580,532.234917995387,343.314674029398
581,619.368692194574,403.047802614297
582,555.468002960671,346.194939558753
583,551.421095126879,378.789000945357
584,444.838257473136,359.996538393874
585,471.063038126665,330.887348506417
586,622.431724428409,411.155988871848
587,580.633596188388,353.510234261191
588,478.865020563551,374.735678895797
589,549.016180860582,340.298238708736
590,447.740998789271,359.699560163543
591,444.154170089457,358.303750448096
592,448.30541819732,337.954455343546
593,515.891244081535,331.899061141733
594,615.556246265044,391.325714151476
595,530.792441688851,377.635673381049
596,447.723215323779,401.708977432025
597,630.106714763923,415.603710158001
598,536.858417140583,360.785908058013
599,645.781275569871,413.867323363192
600,587.440121222545,378.329356112222
601,596.584044016254,374.901553331344
602,439.185046451665,364.062505034995
603,596.698994647197,382.326637719055
604,464.78744618101,366.855672560569
605,635.091633863044,407.414775743871
606,489.206094128924,365.459429247821
607,447.815756791763,344.207624383608
608,450.45279391972,352.082362812288
609,565.642258051956,363.76295393801
610,454.229310949429,330.993817148332
611,503.939565461881,340.088721799978
612,568.945217599381,404.134703300145
613,637.191443529341,420.792905101154
614,643.748065609035,419.381298595133
615,442.16432605996,348.919653839969
616,631.371422335608,433.005762051961
617,443.182795563429,347.920606523163
618,473.150559476023,337.880167790714
619,535.48045192689,367.475940077629
620,441.747101689314,377.231285313099
621,463.51853396862,327.353029168896
622,506.117960395283,346.949389445359
623,435.440989767348,373.983436636763
624,508.278426287555,356.057033637224
625,444.365814848322,354.875062457503
626,549.267604029978,407.090466977061
627,458.988150510404,375.395366702942
628,544.167651413497,308.251882566802
629,489.374422402162,352.476814891233
630,447.007779815347,361.775444910348
631,451.511755664667,354.400552916157
632,539.612019906714,372.287982340547
633,472.609927949462,389.47627311301
634,593.981464643699,400.342007646506
635,432.130440960738,367.724281817336
636,530.691331650679,336.695479023097
637,596.071330248565,405.999509406441
638,563.899320891046,364.352497585422
639,437.743365522972,386.999397507275
640,597.817642476885,406.650413494199
641,469.191414795532,369.809618520046
642,452.52711604112,381.271729771526
643,472.597256116397,364.854459366104
644,531.248412041806,372.321293798662
645,493.293197384222,341.250220969155
646,473.890780175557,323.204195931382
647,527.218828544236,385.385808083177
648,459.2836289568,394.937130334747
649,466.862504142666,345.600981074132
650,442.967370056681,334.571462241276
651,592.797207413593,396.96532106464
652,472.950427227398,351.612801663917
653,445.926137420034,393.249747805153
654,442.94695267725,390.174126863184
655,503.819661487097,354.160251173656
656,450.297953739835,367.451669280129
657,450.450177976949,396.869248430835
658,444.432691709695,393.234818530444
659,549.115104861123,381.370813971936
660,577.847198210803,355.64183755322
661,459.970921270566,333.888760752906
662,435.762989148022,347.209086512764
663,434.961701123599,352.199855829786
664,483.357677013356,338.876429772303
665,641.308325661243,418.036194091745
666,446.022653567187,384.8168085138
667,436.251527986873,369.034152452686
668,474.27959015119,334.590786814119
669,549.888017704711,320.465591176951
670,513.611255501239,347.71546451754
671,451.917948091732,384.689182134702
672,636.325429368409,428.297816626291
673,458.683238798961,341.793945109795
674,465.468682145695,391.359150139105
675,441.595191259579,391.668253265355
676,611.854783008747,414.28845450003
677,497.985614845575,357.306942021948
678,438.084623443241,339.684134270543
679,450.163274110709,380.954028400102
680,444.320281736638,366.287524997079
681,529.620115801394,368.715103354153
682,538.782860686326,323.101765120384
683,454.607064017373,350.813413451866
684,430.493821904268,355.250508240295
685,432.65637970059,378.500198575686
686,534.0195572238,313.692461521785
687,545.734789134654,308.428356198503
688,576.373700980975,404.600730961126
689,510.719377034693,361.878932374785
690,522.929004078399,315.813937136603
691,449.29120950413,364.405694362513
692,443.134851293901,377.707611144726
693,574.610576472191,410.796505497217
694,548.608914496475,366.554960658422
695,500.50628302831,348.064315680308
696,599.401638452163,402.173844838312
697,462.925844969268,362.803822051289
698,554.95453324039,337.669860646871
699,455.277066941411,363.25015161088
700,517.357203425501,373.432966581767
701,577.27750497126,384.534994933362
702,595.872614026711,391.445274644024
703,530.369490027313,388.794537770938
704,547.900792483725,342.878189702119
705,434.147078723136,383.328802318024
706,452.472543201244,385.50744087995
707,489.427061861102,380.83125564163
708,479.839831348452,327.150596779914
709,520.761924616152,361.042756391547
710,456.176858489264,398.600185570839
711,557.599353879949,341.801046320562
712,468.463276870286,352.6769979571
713,561.752153234729,355.031080618872
714,450.266761088132,347.652809750839
715,609.597961629784,419.954302539712
716,622.887294784302,409.894815346983
717,503.380946945974,326.843658062667
718,457.667950895692,336.354933062866
719,602.494087707455,408.736643559838
720,543.461212349776,333.293687182731
721,439.199789469832,338.696429487514
722,451.320666480435,345.512425488882
723,501.62420895626,367.491368129038
724,623.020801541934,405.671427805036
725,434.679665926882,379.650839823728
726,439.58753853826,370.793774672559
727,546.78709748471,383.910491469191
728,643.686752877418,423.75603395795
729,635.791057156465,411.287980051538
730,453.275611938642,349.820705304209
731,583.57311624571,354.470680059252
732,488.28502405273,326.162299100293
733,528.725173834101,353.305382144019
734,628.746806181306,418.924205128801
735,513.38756978377,338.243829373187
736,601.427207213847,401.812801973616
737,490.563154324245,356.697127528518
738,433.936837783903,361.960921078739
739,447.122681327967,363.690405312462
740,461.449034679885,331.088998557318
741,459.591704263056,352.775349378682
742,541.489588425447,383.713407881986
743,518.353470562102,359.703659428029
744,628.611613370741,416.04112236127
745,450.251102016678,375.27547882785
746,549.437846432297,387.435313944022
747,542.638197985333,378.723940306763
748,528.603000581939,334.596503563704
749,446.194514178359,346.6720409644
750,499.67141091072,351.962357112239
751,453.746363531032,365.328377845312
752,458.675378786077,399.354694872611
753,628.271588272194,411.899986674776
754,501.4697913153,361.586585287888
755,451.093151789336,325.041143597639
756,445.916392220649,344.157609294554
757,445.040283735727,335.621018442357
758,584.654396556132,400.385835777298
759,440.665396003585,348.575816554355
760,444.452709718571,325.855614922906
761,475.906774842643,396.025481025463
762,449.070608070919,354.587387246958
763,558.869633849721,320.539128616967
764,639.356396741393,417.124966437597
765,435.000545971389,390.600866315997
766,436.647529987588,342.260755028355
767,571.277257459086,343.82854328605
768,455.264314999513,366.063922349664
769,644.945789315415,409.793073684202
770,470.590375156423,336.028548758588
771,498.403241388707,365.842780688798
772,596.619844906827,401.828432463456
773,574.191234028518,384.995967809295
774,621.546806843414,390.708320563588
775,439.033646379324,387.248371684255
776,529.617959094774,379.191088898789
777,453.305014119561,329.196211464164
778,511.536906153207,339.238835688012
779,433.79693202843,343.793803945381
780,592.275502103543,425.764296609452
781,440.351167489406,354.038083356164
782,510.970219106663,349.382338106956
783,634.362401226744,413.209548888163
784,648.189692104117,413.837956658999
785,462.282685041673,383.200727966386
786,537.001558067352,310.690304926359
787,639.619542626208,421.592154495815
788,437.630072855414,345.165050370314
789,447.607499353794,350.626636620658
790,470.288233257646,354.164246067247
791,552.639077309869,368.760472580376
792,621.270660063605,402.783051234214
793,604.322059673036,376.115321172846
794,569.064780903871,361.97893940135
795,464.755083888205,348.792960379957
796,441.243971857298,381.671063257715
797,553.455763242761,317.802716395311
798,554.867060483098,308.826209565609
799,465.067734607405,395.095983891773
800,468.095629347709,364.80941790833
801,446.780563902442,334.526201677713
802,511.240956484082,345.964774802499
803,638.845983310447,409.099249780226
804,467.2792111211,387.175747650024
805,546.086910973819,355.401320552232
806,591.025343064581,402.861857253225
807,538.292930638196,378.334050576871
808,548.564510865192,305.125673140435
809,528.826152837453,366.948303365814
810,618.324156961672,387.007054979626
811,437.113784869687,335.224707755867
812,457.466709585338,396.313109014731
813,596.506202859552,393.946996145041
814,503.23194081993,343.16224008411
815,439.551868153371,381.290657508311
816,443.428356180699,356.69933007145
817,624.897065792185,414.541534923438
818,443.801686834496,335.655408176804
819,630.753279128899,431.208176226518
820,544.957871710756,363.683889036456
821,455.900290825726,384.905410070498
822,646.837542632916,414.523467596212
823,547.47036955588,356.458265383946
824,632.7754904331,412.268331772476
825,454.21050056099,322.378400091072
826,451.183064863407,362.947851925219
827,457.73819273558,393.265178682029
828,484.781716144436,384.533719053489
829,557.274083415377,356.996591685867
830,450.589163909747,382.623571668285
831,569.405333073233,409.595204552994
832,445.317463626479,348.474050389823
833,457.05556023693,382.249469565688
834,438.173365705967,358.925568445192
835,436.528674806292,336.7570613873
836,471.296111275671,382.317908875613
837,532.642137373655,374.29436917238
838,481.784810833443,332.401578031186
839,487.107573596891,329.413416810946
840,557.889942461656,411.363262688752
841,454.410593200907,348.692278057943
842,619.962327982463,433.061794111803
843,452.52478643242,361.481718458488
844,462.954582932921,344.024260422432
845,614.438014692254,410.50736159929
846,521.311190880993,350.593069688047
847,532.737836920055,364.674728399157
848,578.918774686033,357.690963545266
849,491.251609741541,387.454080986178
850,572.135687185109,391.313539853552
851,461.857114422544,336.038616923923
852,444.461882500791,318.77355324173
853,439.744128453623,341.421920850117
854,534.227094309398,303.737268856621
855,431.923188695552,382.458223053362
856,588.444180061971,414.326305937866
857,440.571095077439,380.517443522809
858,475.001085432209,331.871874831796
859,474.37713700915,336.979328258787
860,495.216149914855,355.791026205745
861,439.009614812921,344.869500114295
862,431.111125805446,368.48379249855
863,591.831534380893,383.39719905902
864,510.026540496315,333.348994076774
865,586.972797432407,370.195759653496
866,545.784504994223,359.559607437125
867,454.966955381164,345.512534931884
868,458.138512515366,381.919370643188
869,443.363808650711,382.597983205449
870,491.251770134869,358.614001366255
871,593.448855828001,419.423428547205
872,555.792730333358,326.701257456682
873,576.566529756183,362.687850449151
874,514.231074743426,362.230155116562
875,598.379255737066,396.808272404711
876,647.849579120722,426.486467837036
877,590.399527197698,397.251121279028
878,539.303415421979,397.395696129235
879,496.673333068268,363.788605284494
880,570.108084711008,392.352395018192
881,540.789617231198,352.805158183862
882,502.797711847384,358.716637207605
883,586.317665258774,392.784790862926
884,446.871272885929,328.698851457643
885,463.085837484121,401.307941210634
886,492.330685969472,394.064597405268
887,464.987473667439,386.940959437201
888,550.80613729651,346.146379055993
889,476.457096227587,347.985703921036
890,546.453406538537,353.778410442881
891,479.044934848398,395.952403794617
892,574.626181618738,382.481114926732
893,471.766373587927,352.780107654189
894,549.118773819071,300.757353516956
895,462.369060199803,389.520385812981
896,477.196601521399,393.565121899057
897,471.757816103017,360.603494016132
898,567.228471132619,348.457906943431
899,480.329971212329,342.389787555063
900,578.586059846434,396.277198258619
901,479.226355657287,362.392828698826
902,461.748119443652,355.519731937034
903,600.328883593651,425.582339845852
904,523.905835638643,331.905953717944
905,480.421913646908,364.926932381883
906,446.22203956437,390.234954514601
907,517.306272146325,369.198080844914
908,520.860334865055,325.38639779545
909,511.395843263886,341.075150844995
910,520.794037699713,338.984814630832
911,506.914944995595,338.137537204814
912,600.107339904242,419.208382742275
913,508.762014106544,341.441244676242
914,495.596521099566,359.090857980465
915,488.934778136168,374.861262828693
916,572.796641307481,371.502596250688
917,611.120351352845,428.755383294051
918,497.603896920651,349.62831469127
919,499.875908123583,386.650552526084
920,570.960292119727,367.047077917392
921,574.556911138242,403.108514369017
922,455.731167438953,361.523211945313
923,517.534028868575,321.246424936251
924,493.717350901507,381.953934231554
925,543.863869749305,302.938020083858
926,538.22501779225,347.281692701412
927,484.516920571492,365.298446982744
928,495.788109026393,335.145611982044
929,474.718552931202,381.529567722635
930,530.188997799058,362.576064277446
931,571.689508962143,400.589911477961
932,458.713353453435,368.38080512496
933,481.544896882319,386.140412714399
934,528.254862441943,341.092212840584
935,568.349435512911,407.568886460295
936,535.032859348834,338.222742946189
937,568.952547172478,336.732658830504
938,585.201972765577,407.225540472874
939,464.8000413745,373.148891693976
940,479.623273444319,389.3782087939
941,541.453768674156,381.489427281776
942,471.108230496184,398.489269851554
943,622.375522398543,399.363213549885
944,461.0563695683,361.642887781524
945,462.340055814485,385.387188333262
946,624.423392792185,433.31890801343
947,468.06854745063,385.186325607328
948,539.641055627489,328.162673608551
949,510.052482083465,388.861653096774
950,461.726109151729,398.173555382773
951,458.929405154487,351.082498636565
952,499.715148070981,349.444618908759
953,534.404029451715,321.182805819952
954,518.587214109513,332.993243687321
955,620.82405768316,424.414526044516
956,442.982225115952,385.413725683283
957,512.04144349917,396.978175111703
958,498.490139583012,342.763715461004
959,479.670061979486,374.169295398193
960,489.681125674075,335.701262467364
961,517.933658023425,342.304151317934
962,575.898091951965,416.113114836856
963,458.069279994937,405.672334029224
964,529.194580335359,339.490595161712
965,615.088333666171,412.24367606697
966,455.589865902748,383.835322000971
967,498.102407391977,340.601831490166
968,523.630935860191,323.652697904929
969,474.590891889554,394.549411039883
970,479.622494858244,359.081162335237
971,596.047060815384,408.673692925121
972,486.051221455671,345.203019078884
973,520.599016576076,326.831525334485
974,540.71860923166,335.997476355107
975,622.077173576574,424.57941971803
976,575.877823036197,396.150161567165
977,589.839251412159,418.262252307084
978,458.034747341625,373.076441995206
979,595.952952555962,404.158149187305
980,463.303811586506,384.488348607721
981,449.128627819313,349.445111038869
982,476.09846934056,374.924704067074
983,468.254214051445,394.530586797447
984,470.426674709273,390.800380507034
985,483.246462616704,397.697970047165
986,484.477435939419,390.781905346046
987,485.330099025181,354.305876431083
988,460.330494763503,390.600644928529
989,466.662759309794,399.328687117734
990,551.227064704308,356.515052639128
991,481.539452829108,366.706576758747
992,462.919511550864,372.825987305535
993,618.812326643301,429.895731105879
994,528.075058403817,311.473870277983
995,548.254709552274,375.203152970064
996,513.055507091111,353.300161770593
997,569.171421393183,401.34938723359
998,536.755024679707,355.630886590424
999,499.945395837352,398.280350824434
1000,571.223168730203,350.685815344821
1001,478.716509954105,345.279175965177
1002,608.888703081349,416.375751363249
1003,469.57358261881,403.54031634441
1004,540.846620899364,339.226351785413
1005,468.742377008227,357.440384435072
1006,538.546276252533,342.882756632896
1007,537.359863501238,356.876235109385
1008,612.398459718451,428.62382666611
1009,473.18213651915,396.411073231863
1010,447.596572904737,378.837185026957
1011,613.491234876586,408.121534667133
1012,469.695673875336,377.946329513345
1013,474.69895457634,398.17083262493
1014,529.368398361243,338.023688117142
1015,619.795948995278,422.779983476573
1016,449.565560619077,387.243847166286
1017,464.408582829216,378.391253812305
1018,607.340420367265,430.826401008789
1019,450.849219470281,390.1251827076
1020,514.170163459459,336.52792798669
1021,610.010241417685,408.99205325401
1022,487.39512067983,331.799196432203
1023,557.238800884175,343.822753430346
1024,563.750928132181,348.698887579062
1025,567.008230416021,400.997150489852
1026,485.869900318076,342.497508583799
1027,568.309645576367,406.035700505824
1028,518.155899562837,366.330115299391
1029,494.249950239139,352.092930999745
1030,528.909435696167,318.524877184565
1031,564.767851877137,404.523938762309
1032,559.961484089003,399.304016028345
1033,536.078480895138,329.717267616409
1034,512.449242836661,345.181949319993
1035,485.286201358942,392.723837112452
1036,616.584259963812,416.998269690932
1037,468.396928102121,390.33679951936
1038,474.208871385299,358.690864887628
1039,519.787018355216,335.444448412287
1040,610.709472033052,417.683775958396
1041,478.889589824332,318.649031422845
1042,481.352192859325,360.230432546826
1043,624.753685773316,422.404432962871
1044,461.414407077435,351.141181793368
1045,526.57150498013,314.708103912809
1046,615.828295988316,413.135467188216
1047,538.072330795837,339.042464562154
1048,582.103428923748,397.695874448735
1049,483.085449235618,351.978752856687
1050,504.803528318604,321.288129935764
1051,490.181920644358,342.947364598531
1052,488.806140376213,373.084052992001
1053,615.047181183284,430.046027454361
1054,496.986064589113,373.543927856582
1055,562.1989334699,344.592663559103
1056,539.60517777562,316.288773907451
1057,553.651552010466,339.1135232423
1058,526.860095016138,386.834633185061
1059,525.623196384843,357.917286017965
1060,491.15398089085,345.596455643761
1061,460.36705021515,395.084767154464
1062,455.814672317085,396.569165555599
1063,519.639201162184,328.644778579655
1064,547.456683791975,328.602122414476
1065,478.737251030387,398.883849130178
1066,502.104654219715,339.263967145214
1067,618.676452552103,421.807158069701
1068,576.087804872239,381.985405315169
1069,542.627449724652,330.377931121724
1070,612.992821673715,418.169265526001
1071,541.804912831053,332.114189565283
1072,557.783434311354,397.123867249957
1073,509.226663722312,352.295993224847
1074,531.995847029863,331.596342660462
1075,534.06910917871,378.582744556943
1076,535.219094831507,351.292885800133
1077,457.390783239638,369.292746504126
1078,562.969658144161,380.912878095717
1079,498.048921857059,364.635120833978
1080,571.478512669831,403.784553389599
1081,554.483256893756,330.980513973308
1082,510.563994633547,343.728586092778
1083,527.987039795016,319.348737953812
1084,556.560284644102,331.574359580194
1085,624.55802215908,425.67557147145
1086,539.597038385129,388.802602624406
1087,463.598932530251,381.835088379363
1088,533.868138344808,316.967251683374
1089,485.060969049924,352.997979006285
1090,606.535881872996,413.441683021775
1091,448.078392491836,345.464338842669
1092,500.819160233126,343.762615806938
1093,540.813378237447,377.33083697572
1094,528.121684613122,365.149948874775
1095,615.871886484057,427.940720246478
1096,626.814637084115,409.878000985916
1097,538.725177679903,363.65647149126
1098,530.049610865716,404.463750485734
1099,563.583251972871,362.589926192166
1100,530.287633425761,339.760200423491
1101,503.343619050058,321.0784584224
1102,456.691628882088,392.4697397292
1103,562.885578596382,356.873420545298
1104,609.005658235507,393.207569884951
1105,554.558907876824,321.635997100274
1106,469.220280888787,406.621854153743
1107,478.577152992213,365.330723479027
1108,468.717626305695,348.131011095319
1109,574.993037491374,375.592740631403
1110,458.39937943211,370.493063819766
1111,469.565063887933,371.059698554288
1112,510.169915831962,363.84833767432
1113,527.673873651873,387.978904220131
1114,484.094917254695,393.702182100092
1115,539.940349402096,326.633764409625
1116,559.982033741596,341.623206579257
1117,529.942070871529,346.472945554198
1118,494.922125667932,363.63606396141
1119,482.263514018002,346.804446574485
1120,556.230873425669,355.805179816164
1121,472.514508884645,394.180333018467
1122,533.174923749464,356.344738185721
1123,469.8041292059,401.050206945393
1124,474.151363124297,373.74761315988
1125,477.17205627155,348.981961427658
1126,600.494022569765,420.402795649157
1127,475.363564420224,378.138177912492
1128,532.690232399409,352.868277237401
1129,470.091065423162,389.202231157339
1130,454.920695488096,391.343311459449
1131,550.972641519076,347.466307841468
1132,480.37065628463,363.791589910071
1133,569.786696296997,405.986072800498
1134,603.485534230749,418.115023529852
1135,472.907669757069,381.26357097396
1136,481.178889256352,390.625031145976
1137,461.203307453316,383.273144443611
1138,571.856927688868,396.440848547168
1139,465.007468551664,406.705166012067
1140,610.735806791953,433.888423320495
1141,487.569334211025,368.594015378073
1142,470.830813259732,372.394700350715
1143,507.081767965835,342.699114986557
1144,604.632124502643,420.735213956565
1145,537.14807474751,349.294308820358
1146,490.219144496635,350.013293202245
1147,484.691610771584,369.626238776424
1148,485.511349538302,379.604690405096
1149,536.278997158306,336.067539777427
1150,506.687603911659,348.270722980212
1151,462.769181987128,352.665922755371
1152,566.181290925852,335.974665480946
1153,522.399557991321,319.561658477674
1154,525.85114249945,392.753560844012
1155,465.596853326045,378.749883894409
1156,493.644502740354,365.01065956166
1157,444.728815031358,378.630032011466
1158,545.626376066678,330.797777864384
1159,488.350171584375,354.527912501577
1160,459.835246724881,393.187189689966
1161,517.303557673813,339.247306258662
1162,541.652551994351,340.99831548921
1163,475.867593560345,404.415336559487
1164,458.734808837617,391.326603449152
1165,509.849924647923,339.323535487174
1166,586.396512189169,409.72306333228
1167,552.396389354982,334.230474611004
1168,581.244229167824,410.942714585882
1169,510.084109855641,351.703855346981
1170,543.472556479874,345.700704747715
1171,518.48154137826,325.739752853211
1172,621.642209525834,436.734600480606
1173,529.113101442727,343.813164723271
1174,478.564849339211,404.427765145174
1175,542.283652956427,337.239265157435
1176,489.695660990873,339.107543079257
1177,463.891594449882,347.085014038714
1178,483.679551534711,374.015737795034
1179,456.416592345047,356.859906540595
1180,543.62302460516,344.227291663437
1181,546.990182285487,306.580031269478
1182,614.12442014703,421.965191992191
1183,611.984467702167,402.073443163269
1184,610.653132172047,415.407143048829
1185,623.57040946345,419.739208861034
1186,504.410391527927,356.067578995368
1187,477.187931628584,401.341047856331
1188,518.055044172764,343.929354581665
1189,613.603607071373,406.747359075127
1190,486.98357745733,373.306430472816
1191,502.28710391045,389.003777225521
1192,459.959161943894,405.312497697874
1193,613.101828804362,427.430360409798
1194,550.358489139772,335.157879094536
1195,483.003935415011,362.620614727424
1196,475.748005309306,394.328611139011
1197,576.707840515447,379.822692172348
1198,553.417957095726,341.82738119479
1199,474.537983408658,385.964103282298
1200,506.771737932504,360.621227688861
1201,563.213004608402,366.750816485412
1202,529.12471687659,315.872200164595
1203,493.322505466784,360.630491891195
1204,503.361554499041,346.34327284286
1205,452.616100509712,383.605674419117
1206,499.78520318097,355.300059356023
1207,525.957217897294,376.49642392125
1208,465.62085939602,357.115094216894
1209,524.206826861141,347.305246353616
1210,458.545628417955,366.044121506468
1211,485.46599872506,359.828470478734
1212,514.291371872993,367.294276050241
1213,603.401951709852,407.148062972836
1214,524.43256329884,336.09460503522
1215,616.317618497359,414.035836463817
1216,528.598210264644,327.391175107458
1217,537.335928688333,379.397102595052
1218,476.649564424192,363.743950990744
1219,528.038642694701,344.138754055329
1220,570.917145029466,401.63391561447
1221,595.003445068575,419.906861626813
1222,522.409954728585,344.698877293049
1223,591.904758836874,372.487599618497
1224,479.811782176749,379.250196722574
1225,479.92803301882,369.10179285182
1226,627.309773088963,433.97156464507
1227,636.957833340115,431.292745815437
1228,456.548942467415,402.008760062421
1229,464.317229234126,396.440754514393
1230,618.458829024239,413.979349482824
1231,572.674029409731,339.410216781054
1232,456.637840856884,386.736493193167
1233,490.796034240798,348.448051814905
1234,555.607238388085,359.138866398529
1235,525.427073500212,334.548070437505
1236,525.495954695938,345.082163439613
1237,620.225530962287,417.093703875228
1238,468.122596837736,382.383562092584
1239,488.852260966608,399.622022612202
1240,460.73742810768,344.692995107809
1241,528.686638202068,329.723610507272
1242,550.033463302424,351.074335855539
1243,568.369531017905,402.945761937323
1244,460.143950130589,383.277373389333
1245,507.320931733785,356.158725652536
1246,549.920125375287,318.193120910333
1247,607.475799097371,429.424689479083
1248,479.528590947255,393.013421618135
1249,446.392453970935,382.67689309339
1250,613.118843440422,424.551829860714
1251,579.419316455489,406.703019914935
1252,517.200403557479,352.257677978996
1253,491.272946663789,367.489892008505
1254,591.802055316541,412.847496247607
1255,570.430915656608,336.916503210612
1256,462.231541958068,405.978859558707
1257,475.76245968509,389.52186529256
1258,470.871276673458,366.777513031188
1259,539.907261350839,323.745703416983
1260,621.157476903373,420.445153718601
1261,565.731733613338,392.178367466204
1262,439.60473290681,361.25530246104
1263,514.869129304456,346.309940469148
1264,468.44165747384,401.511875966417
1265,568.358227687097,330.771396100585
1266,467.115821023988,366.448518063462
1267,508.663597593945,331.118341877739
1268,483.851176262459,402.974280730151
1269,465.431988935634,343.483924243561
1270,618.482828006002,410.118078941213
1271,551.664337973384,326.313209297644
1272,550.086198458688,343.227015375256
1273,471.3645078371,348.3837075228
1274,545.482972013577,361.264511399866
1275,603.70240177578,414.403802229926
1276,558.954831715583,360.141446530338
1277,552.534523634763,318.942940114935
1278,556.935994129424,378.0025306101
1279,549.575298832453,355.665389853499
1280,479.469442794026,348.998852623659
1281,530.452397398506,387.742050450417
1282,538.879702789806,361.050566686024
1283,532.198847934433,315.927966989043
1284,542.612028168085,319.852286341509
1285,570.019975867676,386.422258708754
1286,454.343833476762,355.938919884603
1287,497.402990005986,328.788243207559
1288,582.694250541457,396.775961493687
1289,462.780407431117,376.499427954365
1290,571.550050743096,340.433877424319
1291,568.826691101919,364.970387877492
1292,572.270709625485,366.859855939092
1293,539.018093080414,335.296629187058
1294,460.321433876278,386.316488026989
1295,588.2769175701,404.901707708663
1296,566.773108547284,341.215416009975
1297,490.768672198151,355.623921519025
1298,502.729404044655,363.471379431598
1299,487.819568514885,359.091683527954
1300,562.773701294244,348.191777541199
1301,566.234409535263,342.429029419781
1302,620.420047292384,436.718607729688
1303,622.369306212556,431.305784838358
1304,481.638094924292,385.011271303813
1305,560.060021007452,339.079529428184
1306,558.576127265167,386.728836257483
1307,464.414235436139,352.905777551078
1308,496.263797508013,350.163230824614
1309,463.164436818075,395.721799436158
1310,560.308330861771,361.58413579012
1311,561.915671136878,332.02068440035
1312,532.328558518552,392.363351559949
1313,629.852818428576,428.147551636017
1314,543.39452289114,337.355268149334
1315,584.399512973867,416.773936021993
1316,525.017339671095,332.770747803399
1317,535.605679090317,326.033861080406
1318,474.122022972398,367.903481882951
1319,548.972337510873,373.476500407696
1320,582.224388708591,394.689168115491
1321,575.506100219039,401.808065986355
1322,532.503651572021,345.860636939929
1323,463.018569066415,391.709289069316
1324,538.251289144951,379.668772584244
1325,480.632741843951,403.561999758277
1326,471.762005165498,393.032235363429
1327,558.146754462625,389.331373716705
1328,493.019513959835,342.899143340649
1329,491.934988823364,362.771264958536
1330,629.040665110286,429.578713227325
1331,558.481100333225,382.098839970283
1332,551.640362805524,364.706681231653
1333,602.45181926457,420.018621403044
1334,524.738024781982,325.761652780151
1335,498.488696478825,359.545007267596
1336,625.519605647793,423.426348363673
1337,614.315822831697,433.157680383947
1338,454.299729950207,406.677043353311
1339,594.494041304879,398.464512314779
1340,464.359982995334,364.676177106801
1341,454.83216740131,343.555833986936
1342,561.230903037263,349.253455715591
1343,483.304283732444,359.578432568235
1344,466.98321163607,336.967802228744
1345,604.814707966613,432.21771896233
1346,542.300697741101,322.713272302148
1347,566.807804101623,358.063527020051
1348,616.567673311943,410.025115702738
1349,624.938443722899,429.790638602777
1350,599.261906777877,421.540835957327
1351,620.671359529517,434.737948632613
1352,622.878047182386,423.294911164899
1353,573.908311903622,399.562098548756
1354,528.348540244218,336.005211211486
1355,626.709908971829,427.083113731888
1356,446.782787804014,329.947739081427
1357,526.200690529997,328.674027546524
1358,558.834840309864,335.449910246524
1359,556.31825086017,328.340437186976
1360,619.543187500672,414.519942614784
1361,555.89229521266,334.353017677217
1362,474.482575154782,406.223588216535
1363,596.762920847841,418.539027776191
1364,531.501548974903,327.9484629348
1365,519.239177574301,348.183102945454
1366,450.448614979278,344.305173321065
1367,512.665596691161,323.929036419535
1368,613.774141164511,420.175242546956
1369,475.026155450929,346.314821707154
1370,464.320144465238,350.847567279179
1371,462.274360039737,386.964238205201
1372,486.800524153256,367.349387604604
1373,604.403457697464,429.992937322465
1374,538.748570145481,315.308122597271
1375,473.142582975353,358.086520893724
1376,521.648271585612,338.221744419569
1377,526.77558363409,351.13839089121
1378,508.598625457662,313.671233394337
1379,574.093616255905,387.084217947421
1380,559.434520184671,382.846520279948
1381,452.472980697031,392.564532583623
1382,535.45644608613,364.378696628151
1383,546.945736900785,387.281931118999
1384,530.907687422772,338.343758421055
1385,551.799721079059,394.895776266271
1386,531.391383560319,334.284264592009
1387,467.960868155483,373.217461377342
1388,524.110791471554,330.872077038128
1389,462.786407572103,342.346470162141
1390,567.148993706516,395.359023498045
1391,474.757280781702,400.153906325099
1392,454.867923143594,367.18394701168
1393,613.898753046444,413.221640832973
1394,626.262007391718,414.758244955448
1395,470.645954893884,360.323997967765
1396,617.056387768476,428.656298025398
1397,546.892286933567,330.04572724444
1398,442.035095333925,351.471597946012
1399,496.162524181174,347.573744219727
1400,538.612802412774,395.652184824141
1401,525.704179569543,341.470354607234
1402,524.241971759979,318.200160975955
1403,536.805451287398,340.034306846456
1404,519.93602613055,357.76174006928
1405,525.526315382475,339.558971436251
1406,622.550236952691,435.287863042491
1407,560.994481144683,336.309731052597
1408,445.693775939203,386.66667760467
1409,504.30910460534,380.216549459781
1410,524.571578859952,343.378514047311
1411,452.575163845434,400.196958163708
1412,503.576000644878,350.09060130867
1413,488.07743116185,344.987806910384
1414,581.041205893058,394.284992012702
1415,549.584136208286,323.086859743167
1416,511.120854743491,352.16227554949
1417,598.649526327175,403.291695290452
1418,476.365955605356,372.490493864762
1419,509.103038357959,335.417200627532
1420,549.406553633404,393.679598287317
1421,547.733037277287,340.567586171267
1422,501.869335100726,358.00556558271
1423,473.03401377664,386.157068998835
1424,505.69812359739,334.842808917599
1425,463.225677531903,349.006378995554
1426,587.660805772916,419.715267681472
1427,469.749637819219,362.659452115982
1428,550.135903806677,340.657548741349
1429,478.375615267439,359.757208802027
1430,474.050037443889,392.243408251044
1431,536.012945778848,333.349518313661
1432,614.656624326112,425.857111284675
1433,474.408575709635,371.55169679476
1434,555.997152320695,371.023326051827
1435,617.014597860774,435.669416349329
1436,536.79127944199,322.363610777959
1437,536.475162300297,401.38154925807
1438,467.371924751129,349.061473281854
1439,459.578347917831,359.061933346881
1440,488.064413294886,366.264897866686
1441,564.784955385132,407.221984629906
1442,519.342202300629,338.572958901388
1443,554.47003587881,390.580406923104
1444,543.41268767288,353.425466491057
1445,468.744028019674,397.047267937536
1446,564.927823674447,387.765148602077
1447,462.692241744152,393.11067570895
1448,542.051244676835,368.814477954645
1449,474.922439015486,365.201352927287
1450,615.976672039191,431.42883271849
1451,450.776087067202,321.737768708777
1452,497.251017084711,361.842153557729
1453,482.997627766087,400.106323469282
1454,599.231795574483,423.164802558793
1455,551.071010163775,330.60938140307
1456,480.944955149692,373.59426051997
1457,440.545395700921,383.955130225549
1458,613.649457965387,423.663634720953
1459,534.777300927596,339.746215288304
1460,532.572144052501,349.270302865766
1461,488.178381400487,361.551622315145
1462,518.206566372854,345.79530073596
1463,488.880409371546,392.224680654733
1464,483.459053630023,388.06697198558
1465,544.279401962498,349.375681948613
1466,563.111067448747,335.965177749504
1467,478.910497178618,372.204804354465
1468,543.391244627196,314.515976659626
1469,472.15640707883,375.45313257945
1470,469.089626565154,367.132976378503
1471,554.06958828732,384.189846163898
1472,515.769036101767,330.73174426166
1473,519.713343723966,346.006637217528
1474,479.693409898609,387.829694725059
1475,499.322189207095,358.418155113097
1476,459.877749250951,376.866767233954
1477,496.376443497844,366.186332852791
1478,570.177034942277,356.485793491299
1479,459.979894601364,366.637245290319
1480,525.574985265533,349.608327480527
1481,459.650283846454,406.833632494834
1482,471.127142645777,378.687361605098
1483,521.56787060488,332.325632697637
1484,486.51766489343,340.960064319351
1485,550.358224483959,333.741835505148
1486,452.009896767537,348.571972225677
1487,509.139133599986,355.185118568198
1488,631.544305862713,418.623198496251
1489,564.245176906264,340.240012879869
1490,624.710866800948,416.890623224754
1491,560.732762662038,394.796382965368
1492,487.580768306632,370.529160969866
1493,469.955483479971,342.743636425869
1494,445.209543920791,383.01238661643
1495,535.179527331671,328.455247954362
1496,475.420970482156,349.925835573272
1497,469.417806156575,379.268061837112
1498,505.194541064584,389.589159043011
1499,493.097623578207,373.383352778415
1500,469.225551191223,382.049884582142
1501,573.03792099699,359.202475227362
1502,524.35340436592,315.222681374825
1503,461.489959999359,363.448552604153
1504,457.445040227601,376.082770839277
1505,569.652662397292,345.587050174768
1506,463.440016862606,368.3576652189
1507,438.973081941499,384.631162529514
1508,548.402015009459,385.26494524552
1509,542.587780477063,333.93676631025
1510,537.244719303457,316.451461633755
1511,497.621505254204,380.447850925408
1512,560.501179328483,343.015919977502
1513,474.024122109336,366.744694566157
1514,483.429573465647,368.288125766252
1515,547.683909962345,335.801044070419
1516,489.232418671244,357.426949025219
1517,475.417977014528,339.020092104652
1518,574.522418207967,401.027483155639
1519,540.588691457581,311.140978983539
1520,549.991304680285,360.652128618181
1521,466.435756691831,361.861799991845
1522,515.533563021131,334.565316225849
1523,438.207569658756,389.652039327784
1524,477.801519807477,370.374182506214
1525,633.081466944954,432.829807659142
1526,470.920521980049,356.957173810683
1527,539.7988671386,361.468851283985
1528,553.2355491719,327.68778164416
1529,550.892823375547,313.281821559924
1530,475.208761801993,392.075956238335
1531,497.418739067271,351.740809382193
1532,636.046183745494,430.368137652095
1533,622.536127030275,433.098654897679
1534,533.541359808734,355.43934845837
1535,450.250647410089,402.52042451323
1536,508.958035652459,377.333482315505
1537,534.301900658643,323.552409588314
1538,565.427026685438,333.654595498796
1539,511.859063089606,337.452964891564
1540,545.428567676506,379.771205371616
1541,529.079763042,324.299696652319
1542,467.634087443522,368.212520067908
1543,499.777393641562,369.470812465761
1544,454.300235886994,372.411804476643
1545,504.274855580942,369.418147779735
1546,541.608546198146,358.771648419272
1547,534.870269268081,330.816537794475
1548,621.535055624829,417.473666055368
1549,472.701895192069,384.61944246877
1550,464.738477441146,392.302496651237
1551,554.59225663468,399.622804292694
1552,472.294487932441,405.704321391137
1553,552.228662434772,332.296312366533
1554,553.329672943066,323.744588581911
1555,468.129953488732,377.415255439495
1556,558.434450732386,330.987012186136
1557,503.996473268623,351.285726761464
1558,527.442561741945,339.148169352273
1559,555.822791999872,339.671146607727
1560,465.440619827806,316.542942175519
1561,464.844315036952,382.932064635199
1562,531.497372837969,339.545756026763
1563,493.272582274299,374.80926972316
1564,463.32324176041,360.687004565125
1565,611.051130829759,419.483771314194
1566,546.349697204109,338.915090414486
1567,534.852582112046,373.679191661742
1568,544.186272630962,389.857223979958
1569,495.578443152828,351.414370416544
1570,490.869918305465,373.824803673027
1571,623.130598704368,421.445492409495
1572,561.686229887473,327.469129981361
1573,573.098592538152,409.758059057552
1574,447.300249386099,336.903630333917
1575,567.963143586897,389.345728274092
1576,498.884075693236,362.632205861827
1577,531.668028796882,360.432175420515
1578,618.171616355094,420.541003815081
1579,440.417885487251,345.233888793184
1580,547.801342738119,309.723977228284
1581,545.588800209563,370.759357292851
1582,525.421410261195,320.087620478803
1583,530.100289194056,350.116592448506
1584,502.957770485444,352.138634990608
1585,607.419420978692,399.342565631072
1586,440.786092112757,347.181866763858
1587,530.255890479885,371.065243054116
1588,513.434877372088,358.293316099058
1589,634.627076508703,423.983145049968
1590,607.857527752973,423.324863362575
1591,484.706788235865,378.775261779612
1592,618.575561082841,432.051380768273
1593,604.637057416079,426.70309002305
1594,538.925322667971,329.635355305397
1595,542.127713693572,376.589026019753
1596,616.385382720805,419.091462230395
1597,511.718147269528,350.88095084072
1598,486.708581607557,364.663792266453
1599,612.267635571378,421.115582498452
1600,542.610181473681,343.682288925082
1601,561.804469062827,357.227098283679
1602,489.953439949721,353.742652185131
1603,561.27150018272,347.406954284657
1604,463.857070017456,374.30874990495
1605,469.177421952897,334.600341828434
1606,531.333173308136,335.537950101746
1607,488.323225598272,378.36607313966
1608,525.847587653344,347.344475794086
1609,534.78525660613,334.970395103926
1610,539.299607096731,399.469771170506
1611,475.664290832339,383.332820666429
1612,462.163465836946,400.985491963793
1613,471.19975809128,386.774751993166
1614,606.002747304065,429.361614142863
1615,550.293447239967,336.338589877561
1616,611.730557086634,435.347158346998
1617,541.570609232962,372.619218311204
1618,504.446738539608,363.89676529864
1619,514.515641736298,357.875942599813
1620,480.884705159468,404.956622926266
1621,607.646820934227,419.067043340846
1622,555.237944492422,344.927490637837
1623,457.826624503807,384.451956522733
1624,506.919586495339,357.83299757581
1625,553.690852110725,335.831638919844
1626,494.948434657111,361.041350914396
1627,470.208824049257,384.910430032528
1628,487.299243513737,389.762661021298
1629,537.289230414429,348.190849999116
1630,536.849516356216,324.908038158927
1631,496.880230106503,317.051569840362
1632,543.999488976289,330.882883072442
1633,493.637754713473,376.278028169398
1634,571.56242046002,352.995486186232
1635,563.475864054192,324.45073944087
1636,623.81932278103,415.518866081534
1637,529.833798939281,330.012652689306
1638,613.928574952421,416.553266321702
1639,530.54429255765,322.975892381138
1640,466.421536404446,395.572474898368
1641,496.662996831702,358.031374660656
1642,457.377546711009,403.967658810004
1643,546.203742913937,350.416325552041
1644,469.743591270018,355.144109349978
1645,544.567679865521,324.959358398595
